52184
35774
17643
30750
32875
63938
60519
32954
34079
56558
18870
60324
24304
54286
15580
23118
58823
13770
51758
27618
31424
20360
41549
42481
55811
22740
50417
54811
60164
13661
7876
44254
5032
60602
33930
39188
55067
1625
45625
39752
31830
24170
27215
48593
15449
13735
39995
40292
465
7788
44796
23333
7384
28040
64202
63445
53893
12540
57511
26076
21221
39579
15469
10088
9590
50327
36029
34165
24042
47751
46848
60995
5640
34530
54313
54197
32490
29462
47074
5858
61804
48177
40675
13212
25585
18196
36201
40841
37010
45576
50035
14956
29449
54926
23753
62220
65277
347
48693
31702
32406
63530
4818
52747
48076
14713
33633
26760
20015
41420
24891
29198
22484
63691
36397
54420
61512
34489
34137
53782
4268
11502
36488
43402
14936
2531
34927
30352
19960
12224
65080
15916
13889
41760
50434
61640
37724
47973
30064
19475
32035
7786
49122
55350
36576
15221
52766
33208
43243
11373
52922
30298
26804
54708
1145
15789
5947
37889
39288
30709
24214
41247
19112
5642
12684
62556
16076
13515
588
58920
62583
27962
20371
28689
51082
24917
10229
61286
46967
31698
4692
51491
40907
18417
44578
58913
15109
58629
51063
28374
65518
63891
52981
29290
6924
8673
64946
48630
35576
16368
38602
23226
20357
52601
62576
15537
60141
32172
29195
11077
25095
8847
64004
60252
57103
4881
33091
365
63967
51579
7426
56237
819
20546
34719
62488
3738
27466
52895
8253
37520
30720
54609
13761
32742
23911
13616
52833
35760
55406
33946
63894
59696
8000
63261
15546
59002
35181
48498
22775
18044
20916
14308
57597
108
62070
30976
62234
26436
17982
23054
12233
65149
54291
27496
50368
15207
16952
55841
43437
42833
13149
20385
49716
48500
6299
16375
53394
9114
12315
52817
4596
40152
51988
46348
6458
9705
32869
40418
25292
53695
31072
18337
3217
13884
1777
18266
48203
62376
1089
17353
46314
16655
47979
12438
21690
33534
28542
21699
9085
5314
58993
10753
27681
21829
15552
21037
21164
11154
34088
49897
59369
64142
44859
46587
59892
64384
33401
5360
28469
16989
9846
47422
28805
2260
22110
35941
5116
64813
33970
65309
19434
9010
34281
28771
10614
46896
58272
34451
32830
34897
28892
37639
50297
28684
45188
21720
34774
8929
54267
40748
34503
17056
42738
60285
49241
48931
26995
61032
49780
34585
1961
9898
56240
55874
6917
44872
46808
14574
55133
37126
31565
42105
19397
26877
42181
20854
59232
37932
40104
59779
55711
38658
48112
22325
59506
11721
50686
54780
39166
11365
28601
39206
52807
64177
62116
64398
14125
19380
38348
27784
22635
31385
5760
35121
41582
26065
52556
19188
43934
26681
45186
26562
20681
16147
4469
56791
34012
58113
19484
52935
267
3968
1771
56197
46493
61622
547
61469
56213
4115
34597
6526
18179
36494
407
36064
10960
19528
10672
24230
55297
8873
59696
41180
15732
31844
3879
20356
35007
40956
17086
54596
26373
573
65067
17861
2991
6161
49579
5773
32029
57205
63164
921
17193
50985
65081
31894
41581
41314
48298
64169
10368
57515
18244
44952
43675
52253
32271
19904
38869
33508
52384
5999
58450
17270
42761
52055
564
17035
54379
28218
41265
36295
10269
57008
62895
44942
58832
49781
25977
37330
61695
56360
57732
3593
54316
36852
17304
40511
9641
7399
31366
16269
23945
23145
35320
7767
40951
5405
43610
33273
40914
8045
37807
23820
42041
61299
563
15000
81
2332
16117
7289
19307
16222
16430
32070
16705
1484
18052
38240
2572
2929
37994
24784
27028
19560
32064
42837
59069
51186
63877
31442
54054
24705
46535
40859
26653
55608
8742
3766
11282
56337
61912
480
64924
56487
13208
38069
30681
8326
20382
11107
43813
17985
50120
16104
9607
5022
3412
32298
3047
55346
22295
3018
8211
14353
58845
65363
21664
6336
59593
50883
22174
50473
64300
63666
55835
12932
57112
4244
39513
56251
32167
15158
50400
39403
10782
10952
55333
39456
16871
5328
1851
27209
13097
51825
42044
39967
32875
59868
24341
44035
45107
42977
50820
26358
3378
42805
10566
40106
25983
55847
63049
23778
28491
61318
4195
41215
23963
20085
15485
5844
25297
64378
11561
49207
9812
54468
33744
28223
31203
41435
765
26364
12113
19538
46634
5166
50050
57798
57147
47114
32094
29648
26467
19960
39291
38526
34362
57173
33706
49765
30018
21338
63669
45451
50491
46110
6770
30673
13595
54467
4497
29998
29883
30066
14568
50002
49056
25620
4146
44625
45775
37850
20039
31274
43943
54571
30422
55936
41354
19027
54380
22484
4371
12022
50849
31639
49549
16332
64606
11081
64790
28897
40319
38952
5445
35264
9111
42484
39278
17382
57843
36044
38271
12193
5902
47653
10349
43398
4103
57309
9285
48699
1855
38942
40921
56952
15537
48726
5944
37187
30389
25117
7419
61921
61265
9673
42709
14496
23258
41208
42093
1347
33586
33969
3167
50750
7436
23580
41078
50326
23849
51090
56411
57461
10302
31005
22799
26922
58288
24225
14281
11332
13726
45082
12503
34116
53808
50422
49820
503
39181
62373
51858
59801
12866
30583
59921
26103
25699
41969
23295
12572
39
5885
59883
61141
22211
18047
21274
58039
16828
42605
11186
39129
13187
50304
16155
41967
8611
29369
3955
34461
19049
25511
11973
43659
29300
14351
59825
21885
45370
50729
15314
30381
55328
33951
1653
64487
60649
16419
52120
57876
47078
11971
52665
7903
36572
47518
63791
48215
63865
61813
47504
27432
39180
9701
11696
32603
38464
59225
43725
50682
20998
20995
19545
8805
60871
43470
19727
6205
36881
28017
180
46446
55507
20155
42862
3727
26859
14696
44291
14759
32419
23842
43828
26547
41463
15455
12177
8025
611
5539
36435
21020
13001
45202
13742
60556
14537
6515
914
59570
43614
9651
7030
54032
47202
36726
61083
5643
19840
63256
26530
26605
49439
25737
1631
1197
21266
51458
51984
16713
43525
10528
62598
51737
47441
14553
11186
64320
48680
23491
58578
10681
52540
52595
43798
1872
46154
42263
9141
9189
41915
64962
51395
46404
14032
42875
24449
33951
29231
54665
47371
6092
17366
35171
23531
52416
60032
22758
51480
49698
34723
20219
27593
40868
31969
18640
12623
57207
13760
27840
53584
22185
42958
21488
1884
53245
20328
47629
14639
31482
19718
4177
6509
19148
47158
4055
57664
44415
22665
21478
23675
65277
62489
